425811117479591937
425811148152127488
425811179290628096
425811146235334656
425811197384871936
425811214698942465
425811291509649408
425811330923102209
425811342541729792
425811385520775168
425811400154292224
425811392198090752
425811438561918976
425811454538043392
425811470333399041
425811419687174144
425811476293500929
425811618766024704
425811654375260160
425811676684746752
425811654375661568
425811709325221888
425811841810317313
425811939693178880
425811955736379392
425811957728296960
425812017845239810
425812282334257152
425812288097239040
425812437942534144
425812440337494016
425812601206226944
425812632353132546
425812639478841344
425812661474168832
425812681992712192
425812706575138816
425812683083227136
425812694714036225
425812857180000256
425812877027467265
425813014726868992
425813074889949184
425813108620132353
425813145165520898
425813171501551616
425813169521852416
425813333577838592
425813366255263744
425813399176773632
425813545268551680
425813538964140032
425813532219695104
425813606324658176
425813799057518592
425813831529422848
425813851406225408
425813871849639937
425813981362536448
425814049226362880
425814109968277504
425814126267359233
425814243586605056
425814275966267392
425814320773988352
425814298665828352
425814368375566336
425814380450549760
425814435819565056
425814735863709696
425814766171746305
425814794105417728
425814791593025536
425814882903007232
425814941673996288
425814967061721088
425815034301014017
425815048494125056
425815070510436352
425815089909100544
425815128173735936
425815129268420608
425815105419239424
425815094204043264
425815148046336001
425815119755759616
425815124663103488
425815179989749760
425815169248538624
425815226689548288
425815231059988482
425815254409691136
425815315004809216
425815302123692033
425815333253820416
425815309962858496
425815376405233664
425815418063028224
425815443039739904
425815423209062400
425815449776181249
425815457367883776
425815473239130113
425815486127808512
425815537713958912
425815565840949249
425815558832287745
425815582135844865
425815703770644480
425815740164628480
425815729632706560
425815800562585601
425815801137209344
425815805620531200
425815801212325888
425815856786841600
425815928597938176
425815984793219072
425816024106434560
425816012865667072
425816044230684672
425816068163399680
425816103575494656
425816135209349120
425816140774772736
425816147796426752
425816134495920128
425816161926664192
425816169707094016
425816176103407616
425816190544400384
425816197704482816
425816258739568640
425816268571414528
425816258777321472
425816304340463616
425816396153774080
425816388540710912
425816447013900288
425816358665093120
425816504387375104
425816543448940544
425816567101026304
425816581848199168
425816592514318336
425816601607159808
425816636663533568
425816636033990657
425816689113300992
425816722147663872
425816760009256960
425816746008649728
425816874312404993
425816935440207872
425816962531594240
425816990507614208
425817163006345217
425817175803580416
425817199563907072
425817186951630848
425817216190128128
425817476069199873
425817478178934784
425817535825457153
425817537197395969
425817550048722944
425817602137411585
425817605308289025
425817630411595776
425817616083857408
425817628746473472
425817649265000448
425817636471988224
425817668898537472
425817716943900672
425817765573058561
425817781582311425
425817798766776321
425817826746568704
425817848595116032
425817862813405184
425817841808728064
425817878823448576
425817854223863808
425817864738983937
425817926491332609
425817934309519360
425817894685908992
425817952320258048
425818019730690048
425818043638235136
425818113171398656
425818189901991936
425818253794238464
425818274119426048
425818295539732480
425818355795099648
425818430973816832
425818532543078400
425818558530981888
425818619499405312
425818717880987648
425818725762101248
425818890330202112
425818931584974849
425818986656567296
425819038497771520
425819088204464128
425819098359283712
425819114121494528
425819132324347905
425819224582287363
425819246950903809
425819256849043456
425819254735515648
425819375531094016
425819475423019008
425819469315727360
425819542531493888
425819616443523072
425819610739671040
425819706361384960
425819705765814272
425819778326876161
425819794596958208
425819842655309825
425819868617662464
425819941669855232
425819967200956416
425820074679996416
425820081801547776
425820129750835200
425820268594880512
425820295115460609
425820321241767936
425820337134391296
425820327495884800
425820386844884994
425820390552637440
425820444319817728
425820452402237440
425820458156826624
425820568189812736
425820739070332928
425820793331662848
425820979479080960
425821020591632384
425821043484553216
425821087352758273
425821142998212609
425821146433343488
425821174572916736
425821210581401600
425821246111350785
425821289773670400
425821314591375360
425821463057555456
425821474411528192
425821490328526848
425821890654244864
425821904071434243
425821956177272833
425821991208505344
425822017464459266
425822132359012352
425822125073502208
425822176424787968
425822199841181696
425822239117041664
425822246502813697
425822301548851200
425822309518434304
425822348231847936
425822508252557312
425822524824633345
425822557976428544
425822659239084032
425822651903254528
425822684920827904
425822698955366400
425822795873140736
425822780899487744
425822794132488192
425822875023470592
425822903570276352
425822979683921920
425822988093501440
425823023799619584
425823138497433600
425823149448388608
425823192347729921
425823254188937218
425823302091681792
425823294193799169
425823345301803008
425823367019515904
425823397419819008
425823506211696641
425823582338678784
425823609911660544
425823700751892481
425823729138929664
425823788412829697
425823806029332481
425823812802711552
425823831467782145
425823927537893376
425823938728693760
425824097721790464
425824105883906049
425824137580654593
425824167250763777
425824272087404545
425824265036767232
425824282002731009
425824405579509760
425824409232752641
425824564744949761
425824584542076928
425824861970120706
425824950792908800
425824948997746688
425824953460461569
425824990210957313
425825036130197504
425825292108988416
425825301302894592
425825345879941122
425825347134038017
425825484392255489
425825556115226625
425825655779889154
425825754916470784
425825776932777984
425825830401765376
425825826941464576
425825962572652544
425825956184326144
425826037629739008
425826038614990848
425826127073271808
425826214620971008
425826307189248000
425826465033109504
425826489456951296
425826670822428672
425826692225970176
425826706222772226
425826729114882048
425826775059668992
425826790549241856
425826949668569088
425826958732034050
425827050344050688
425827061748355073
425827087602053120
425827302375559168
425827373389717504
425827421216985088
425827415533707265
425827449746620416
425827489890332673
425827592495964160
425827745365377024
425827791645708288
425827799396384768
425828023162523648
425828196483756032
425828239332761600
425828228951838720
425828403862700033
425828459768987648
425828456106954752
425828597241102336
425828598830727168
425828641088741376
425828645979303936
425828647379804160
425828658998018049
425828736420683776
425828763901759489
425828812828704768
425828857036689408
425828266889334784
425828902003408896
425828900909117440
425828905032122368
425828930017189888
425828994769231873
425828969871454209
425829045469974529
425829156790992896
425829290601885697
425829301674446848
425829392665702400
425829398592241664
425829439529029634
425829432801366016
425829470922997761
425829538212614144
425829600946425856
425829665295462401
425829709889273857
425829738649628672
425829740201922560
425829759462154240
425829808665157633
425829840370274304
425829887912714240
425829972557983744
425829983945109504
425829995928621056
425829792387051520
425829773017751553
425830051938963456
425830054057103360
425830100144115713
425830125851009024
425830127272857600
425830172768473089
425830241609596928
425830265122873346
425830278376849408
425830315505254401
425830355187167232
425830374191927296
425830384752807936
425830407766933504
425830396375625728
425830436041138176
425830518664728576
425830571600654336
425830582480695296
425830574796722176
425830645680447488
425830669189914624
425830824139710464
425830878657253376
425830923884855296
425830935146151936
425830971800571904
425830992490672128
425831018461802496
425831034094354432
425831056017588224
425831110627450880
425831147999084544
425831279506898945
425831311090003968
425831316660039680
425831311040061440
425831406749892609
425831440173891584
425831487703769088
425831511225798656
425831520482635776
425831558092967936
425831530720538624
425831589986463744
425831691731873794
425831678817607680
425831689248468993
425831712308731904
425831739274313728
425831831552798720
425831847743221760
425831890156023808
425831991104536577
425832024260501504
425832041641680896
425832070846623744
425832102907891712
425832111543570434
425832143944945665
425832172881465344
425832189628915712
425832245719334914
425832302871343104
425832344822353920
425832351529050112
425832478691962881
425832540981972992
425832508518072321
425832575664275456
425832592899051521
425832635387359232
425832816522575872
425832847271018496
425832879206039553
425832884784877568
425832923192119296
425833002069794817
425833035117129728
425832995937718272
425832850370609152
425833103018299392
425833116696326145
425833121402343424
425833067509338112
425833271197327360
425833362071519232
425833317523410944
425833346904489984
425833458972524544
425833555047239680
425833584042065921
425833610479161344
425833611107897344
425833611179606016
425833618678628352
425833734500524032
425833747725156352
425833795149778945
425833843355320320
425833863701475328
425833937299329024
425833996065734656
425834088176832513
425834107159863296
425834132510236672
425834141448302592
425834166626709506
425834177372893185
425834290107015168
425834384252350464
425834465684754433
425834500896358401
425834421841707010
425834548417404928
425834621415464960
425834644484145152
425834678885429248
425834663257468928
425834692965715970
425834689513807872
425834802378317824
425834924650672129
425834983832305664
425834990337658880
425835135787728896
425835270014242816
425835329267183617
425835339610357760
425835369259483136
425835396283379714
425835433642426368
425835570644791296
425835596700200960
425835782431973376
425835775490408449
425835782386221056
425835858244423681
425835923834535938
425836007008002048
425836096250204161
425836161203179522
425836217310412800
425836306690605058
425836321894961152
425836335287386112
425836468146171906
425836497477316609
425836584659726336
425836572219817984
425836602783318017
425836658404388864
425836694818938880
425836730311114752
425836808908574721
425836860535894016
425836865519116289
425836858715561984
425836872254754816
425836922679095296
425836913548099586
425836998864031745
425837109564669952
425837092221243393
425837163151114240
425837152958566401
425837164127985664
425837190607024128
425837269510262784
425837360681480194
425837412732792832
425837423017222144
425837428981514240
425837466676105216
425837487202635776
425837506039275520
425837518978707456
425837545667051520
425837622036922368
425837670397276160
425837740748722176
425837723652325376
425837772864102400
425837892456308738
425837999813718016
425838053895049216
425838290051547136
425838347127230466
425838380400640001
425838393030094848
425838402483654657
425838429742456832
425838570876964864
425838617651847169
425838619866435584
425838620906635264
425838710962135041
425838740544962560
425838858593247233
425838866462154752
425838864331071488
425838919502950400
425839003813019649
425839003968208896
425839111015251968
425839167654739968
425839227880738816
425839257349935104
425839299783704576
425839294977437696
425839392620822529
425839433187725312
425839565904297984
425839551106408448
425839705175769088
425839775208460288
425839902983745536
425840063717838849
425840106998874112
425840115425218560
425840256357654528
425840271684022273
425840317409947649
425840448117440512
425840507064156160
425840540618596352
425840573673508864
425840391040942081
425840603264729089
425840693538725888
425840731299651584
425840770600689665
425840789357228032
425840817106731008
425840856608698368
425840911377899520
425840950829912064
425840879442489344
425840914884726784
425841021369741312
425841068664717312
425841230053142528
425841249514303489
425841301741793280
425841515026317312
425841520537657344
425841575046823936
425841616889184256
425841741347164160
425841746912616448
425841917226926080
425841962168909825
425841969039151104
425841976584310784
425842225331720195
425842343267532800
425842380911026176
425842386687000577
425842420505272321
425842553653456896
425842601355268096
425842618304831488
425842738890690560
425842813998465024
425842825230426112
425842919736492032
425843004113293312
425843009910226944
425843048543563776
425843031053312001
425843095448477696
425843139300327424
425843132601606144
425843226655072256
425843315213230080
425843311333490689
425843345768726530
425843427956121600
425843528275869697
425843511338860544
425843562753032192
425843663143329792
425843688150138880
425843785780572160
425843779996614658
425843771620610049
425843795033206784
425843818064134144
425843898498711552
425843924771803136
425843914005037056
425844003074879488
425844130783461376
425844182276517889
425844363793420288
425844374686433280
425844366419050496
425844549433323521
425844561894981632
425844645902299137
425844684401803264
425844728882405376
425844744061583360
425844804107247616
425844936123371520
425845013147181056
425845034756616192
425845062094696449
425845063424696321
425845106000687105
425845180122411008
425845199487528960
425845259851923456
425845395726401536
425845575251423232
425845793690382336
425845886556442625
425845997848121344
425846111472197632
425846237581938688
425846313956040704
425846355429294080
425846364611018752
425846435343388672
425846450803986432
425846495162548225
425846499486875650
425846174717718528
425846597738848256
425846698976374784
425846702009225216
425847027100971008
425847060554727424
425847140171014145
425847184102146049
425847356517396480
425847444509704192
425847586553991168
425847590479855617
425847610755121152
425847732377358337
425847802426425345
425847928918671360
425848011084673024
425848057561759746
425848142626844672
425848158849994752
425848238885699585
425848338928652288
425848374537908226
425848418997903360
425848519782461440
425848509162463232
425848605979586560
425848774510927872
425848938373992448
425848963397615616
425849225113776128
425849332860854272
425849698789109760
425849758368813056
425849842293047296
425849944834969600
425849949814001664
425849956763975680
425849971318206464
425850036941881344
425850054277332993
425850077933219840
425850275790725120
425850349065220096
425850515797188609
425850550861570048
425850604536070144
425850678745890816
425850799940329472
425850859562348544
425850898485506048
425850884094820353
425850965053292545
425851097799229440
425851252707450880
425851375239827456
425851405836881921
425851512267366400
425851503593529344
425851710959910912
425851873154072576
425851932281176065
425851964249759744
425852243208712193
425852248044740608
425852260992946176
425852315195559936
425852440731078656
425852450877497344
425852654195978240
425852712497209344
425852771573972992
425852811625390080
425852884148703232
425852885159936000
425852906365923328
425853403080585216
425853417492590592
425853407283261440
425853578847088640
425853612409888769
425853660564701185
425853711630356480
425853747173281792
425853815452348416
425853998286266368
425854092947124224
425854173725196288
425854248882950144
425854433847541760
425854432547307520
425854445004410880
425854637699506176
425854665574875136
425854894621208576
425855059650289664
425855124775264257
425855145365102592
425855179204751360
425772303729700864
425772419203493888
425772468658524160
425772527508787200
425772453835464705
425772556952829952
425772647994363904
425772495254614016
425772548454752256
425772686690639872
425772627144110081
425772877850628096
425772882560438272
425772961988366337
425773040895414273
425773077273001984
425773214006923264
425773323810013184
425773335096856576
425773407901208576
425773403027431424
425773476776267778
425773500389789696
425773547735511041
425773543003938816
425773577414000640
425773694259326976
425773699363778560
425773702949511169
425773879643340800
425773911196725248
425773944323719168
425774069347131392
425774084925173760
425774167653613568
425774205213233152
425774198837899264
425774266077179904
425774286511411200
425774370913398784
425774385384132608
425774441399087104
425774466157641728
425774704725458945
425774727693877248
425774765471985664
425774829862531073
425774847801569280
425774872917073921
425774893016555520
425774925035880448
425774952630218752
425774967608049664
425775010951987200
425775015510822912
425775050378473472
425775119017844737
425775119063990273
425775172793024512
425775177717137409
425775292519833600
425775312535035904
425775336660275200
425775375616966657
425775427765149696
425775493724798977
425775479040524288
425775504344375296
425775558107348992
425775536934105088
425775629271724032
425775668115542016
425775680904003585
425775701602471936
425775763598479360
425775748281303040
425775818237693952
425775860780523521
425775859253792768
425775878853758976
425775901888888832
425775914765402112
425776098937679872
425776218114228224
425776245591527424
425776246287368192
425776257142624256
425776348750024704
425776372288847872
425776379787878400
425776404022575105
425776403976830976
425776460003958784
425776459161288704
425776528249876480
425776554585894912
425776555277574144
425776557957722112
425776640619474944
425776674144546816
425776660861161473
425776706805170177
425776697414541312
425776900716257280
425777129847271425
425777191247294464
425777317244588032
425777349997907968
425777353516908544
425777375498866688
425777387410710528
425777449276694528
425777514376880128
425777503324483584
425777533930328064
425777542004748288
425777600221294592
425777634573041664
425777662443810817
425777670060662784
425777728428982272
425777965885292544
425777994658226176
425777999355838465
425778027969388544
425778088576679936
425778074467049472
425778093928636418
425778106243506176
425778156503437312
425778165030871040
425778186895368193
425778196987281408
425778277035573248
425778293732683776
425778292239527937
425778304839204865
425778399576330241
425778412330840064
425778452177125377
425778495051268097
425778540315811840
425778550298640384
425778646197223424
425778649363517440
425778684168257536
425778711225720832
425778765776433152
425778834776940544
425778925017784320
425778950002839552
425778982806499328
425779031876055040
425779052314509312
425779142727335936
425779146024042496
425779165481009152
425779149585018880
425779203347587073
425779260947984384
425779328581128192
425779583544492032
425779601185329152
425779758971232256
425779835751788544
425779575121907712
425779671771275264
425779973535039488
425780044309725184
425780103268671490
425780191063863296
425780240284020736
425780270034214912
425780383813500928
425780414041444352
425780456269692928
425780496208240640
425780510229405696
425780571533365248
425780583529459713
425780572943052800
425780646833700864
425780702932897792
425780744837795840
425780728111308800
425780732746014722
425780796922662912
425780835866779648
425780872466296833
425780902900154368
425780904531734528
425781146807308288
425781196459474944
425781212914143232
425781245378052097
425781271214559232
425781344631672832
425781356044357632
425781406791266304
425781446679470080
425781550471327744
425781585376735232
425781626308554752
425781650539024384
425781674127814656
425781710484037632
425781697100390400
425781714812555264
425781765169766400
425781811927457793
425781888217649152
425781905842130944
425781921516249088
425782003783704576
425782015175454720
425782013019586560
425782026931666945
425782091872485376
425782075795714048
425782292900888576
425782359162494978
425782483439730688
425782535730495488
425782617565192192
425782695071735808
425782781726437376
425782815343792128
425782832683024385
425782831517020160
425782829927383040
425782856498282498
425782873829158912
425783043148615680
425783130104950784
425783132215066624
425783236766097408
425783270421192704
425783484914077696
425783508439560192
425783522389815296
425783582238711810
425783594569564160
425783705593217025
425783706457219072
425783785511452672
425783813940051968
425783885566193665
425783940117696513
425783965417766912
425783961865179136
425783970144337920
425784027732123648
425784047042703360
425784073614008321
425784071097446402
425784107428499456
425784049102114816
425784132413571072
425784243579412480
425784407203389440
425784438489112576
425784446483456001
425784521934766081
425784392402100224
425784634111455232
425784633918500864
425784668454404097
425784771848192000
425784760430886912
425784848930717696
425784893386534912
425784873157005313
425784875141304321
425785019396005888
425785015080079360
425785068439609344
425785077571006464
425785103764054017
425785128023908352
425785178246500352
425785196898942976
425785204247367680
425785243199483904
425785235234910208
425785239991230464
425785242163871744
425785283159027712
425785364200955904
425785486481686528
425785482484514816
425785510942871552
425785507872641025
425785561878495232
425785562910711808
425785563719794688
425785605713178624
425785643239628800
425785663359688704
425785705806036992
425785694435299329
425785694272118784
425785703927001088
425785723590283264
425785745513910272
425785801729789952
425785851671367680
425785883842064385
425785889105526784
425785967849402368
425785978024771584
425786009344020480
425785942574505984
425786087328325632
425786088506937346
425786089735852032
425786153275768833
425786171180855296